delta_x
1.0e-2
9.0e-3
8.0e-3
7.0e-3
6.0e-3
5.0e-3
4.0e-3
3.0e-3
2.0e-3
1.0e-3
9.0e-4
8.0e-4
7.0e-4
6.0e-4
5.0e-4
4.0e-4
3.0e-4
2.0e-4
1.0e-4
9.0e-5
8.0e-5
7.0e-5
6.0e-5
5.0e-5
4.0e-5
3.0e-5
2.0e-5
1.0e-5
9.0e-6
8.0e-6
7.0e-6
6.0e-6
5.0e-6
4.0e-6
3.0e-6
2.0e-6
1.0e-6
9.0e-7
8.0e-7
7.0e-7
6.0e-7
5.0e-7
4.0e-7
3.0e-7
2.0e-7
1.0e-7
9.0e-8
8.0e-8
7.0e-8
6.0e-8
5.0e-8
4.0e-8
3.0e-8
2.0e-8
1.0e-8
9.0e-9
8.0e-9
7.0e-9
6.0e-9
5.0e-9
4.0e-9
3.0e-9
2.0e-9
1.0e-9
9.0e-10
8.0e-10
7.0e-10
6.0e-10
5.0e-10
4.0e-10
3.0e-10
2.0e-10
1.0e-10
9.0e-11
8.0e-11
7.0e-11
6.0e-11
5.0e-11
4.0e-11
3.0e-11
2.0e-11
1.0e-11
9.0e-12
8.0e-12
7.0e-12
6.0e-12
5.0e-12
4.0e-12
3.0e-12
2.0e-12
1.0e-12
9.0e-13
8.0e-13
7.0e-13
6.0e-13
5.0e-13
4.0e-13
3.0e-13
2.0e-13
1.0e-13
