462433
353449
273565
957738
585887
398634
369656
359552
235478
656542
457949
572455
352257
453323
457235
869769
337353
343495
784865
652637
858448
444658
949596
392358
578875
857639
668295
668566
572282
538696
942372
832297
556245
385529
792747
957353
998342
966888
286897
839444
274999
363987
472836
664347
692576
648559
353539
828645
799368
289888
672729
872743
358483
776857
366266
557254
844758
256824
996255
983856
279966
553256
969636
555664
585598
562539
477683
324769
275799
437935
872837
476747
584667
528456
635879
936676
436254
373699
268528
342747
985782
275475
723737
876299
546489
979328
452795
729379
445856
783966
459257
526762
547596
646267
927793
727696
938358
556895
739383
223445
867377
598435
388758
286729
688773
222458
967837
675372
977388
676643
768896
828892
324655
874796
227467
965456
945894
655275
276637
768366
375983
952665
357282
472723
893834
494578
926545
958832
467959
533883
229387
356736
249382
574965
274698
269923
253569
833748
778246
266993
374396
768499
933337
756674
262275
998793
927657
373963
693982
574246
239437
895685
433586
577566
243883
824979
898528
323386
468245
897465
228847
947337
455726
483888
469927
459463
658593
297449
774265
943245
258597
626856
476943
849282
295942
395258
773573
898768
989247
939958
965696
855976
545658
585458
228596
748637
978345
849423
367494
495462
769269
952988
373879
492489
479895
773836
632643
289649
872729
535764
835296
333448
476952
579455
887665
989568
243262
296328
863465
678772
563672
234469
267456
754582
552385
955696
734992
348756
335469
543763
664978
624623
392398
323895
228788
834843
543747
499663
725842
383769
249264
676667
968953
988962
284747
654866
384562
574592
372258
886298
652722
435445
424555
826399
983874
695528
642773
835428
652243
487378
436727
798786
889288
274824
892579
365242
467785
876235
797969
942937
969382
828955
772462
565688
846546
554976
234662
726845
525447
288556
254882
696922
592928
365656
849973
732573
838888
892762
227396
839666
885363
355364
698698
495537
866364
479743
483843
389499
458873
262499
536354
976429
283849
345348
248226
233946
245665
539753
456563
566286
596776
552756
853927
273683
652489
576264
757498
695978
969768
845469
367522
868289
547333
589773
647669
594845
685696
453782
274848
969896
396873
449748
427468
589388
244436
523322
835444
483566
768248
586738
234299
487265
793335
336962
943557
378845
937387
389387
263837
427449
549578
427245
353252
848565
454364
327566
639997
675362
852555
382458
335785
228453
729888
888663
928762
574254
397327
959346
462457
375678
258995
639293
273363
338568
267467
984997
829734
577229
448967
752497
789299
568888
753584
934989
564929
943858
862359
523266
553587
463789
535948
386677
649286
862945
668585
568264
759537
269652
273426
532929
695828
534924
775589
478688
249737
694699
848527
725843
877744
345753
323993
695946
863792
776344
786339
596385
896397
923533
422346
387777
963985
223953
235887
347359
765882
728564
967295
882523
826447
828675
298236
355856
972683
229928
836266
544344
635448
382575
466942
448955
429354
399943
784569
245294
798893
439738
848286
474693
938887
457267
666326
298683
696652
589782
628735
968893
497985
382224
736484
549599
837264
232773
366836
497587
442748
242855
628769
834592
839682
658837
482739
866737
489393
755985
698984
879292
966427
678249
526739
658873
624429
829928
948664
326843
389693
436248
956938
896849
769496
985623
992439
943267
427237
437242
743292
455442
472473
887334
537676
969944
966572
975787
964737
523955
482968
738565
574726
854265
464535
568797
